leaf: 0.00096003495
stem: 0.00096003495
root: 0.00284249568