leaf: 1.1840431049994806e-05
stem: 1.184043105e-05
root: 0.0021022624299999997