leaf: 0.0001422273999999948
stem: 0.0001422274
root: 0.00275366769